248116
482626
132973
895786
379858
826081
128384
110189
129750
427758
794590
794661
140394
458673
525437
381754
214184
787134
78787
513874
390062
983876
145040
832549
809658
536602
264005
862924
287214
218892
444788
795830
730632
161083
510642
172431
600147
532563
213768
135644
216869
122598
623058
10668
524363
400254
145470
508938
991649
190895
237821
143296
681115
121737
992593
473523
242448
348943
487346
544397
85981
761793
299031
752748
501384
319247
69722
458931
825370
298660
688366
524835
22730
692816
34766
258097
442062
999875
312075
329771
504638
877847
647946
622764
346792
867311
885371
132112
262813
591131
397731
790395
497952
375720
313667
867404
760727
637891
979888
460881
913329
516541
943929
775286
158489
355007
216953
278554
246610
419736
279460
566882
413705
969148
566099
57861
217005
818459
704719
388260
299677
835923
680482
833980
797536
284260
752152
57979
989276
755030
7982
705653
107829
747719
39587
317524
798412
227628
595721
99176
555388
405429
942855
250006
833430
81574
257578
386639
65020
884322
497783
156977
925949
882256
93848
240067
922402
411433
479909
300257
917791
490298
626294
106105
218136
803611
312095
146743
942750
788049
94611
345884
302502
172059
49150
486583
412328
210860
412920
199577
785237
846889
414093
776230
218296
415641
746546
984260
826037
95389
769150
850719
283387
349902
944888
658140
175525
147354
164416
286054
392590
11966
632969
616980
66345
365159
801215
173039
976642
44005
222816
121886
145431
794954
433206
233193
981639
675631
329870
403635
179870
36843
861142
469069
369763
424088
887910
193969
272594
568549
42616
280503
394739
958357
205362
956172
694446
622681
441735
270119
400909
487171
388556
423693
957558
101424
792031
185826
993917
509402
518049
818288
742155
531491
845098
506296
340872
516115
955733
692933
81416
500460
364751
814098
562796
195248
293319
330572
775620
255263
596513
604320
687300
835507
210482
359194
671634
483676
224749
250726
759624
501626
268376
222008
911279
972040
859651
636263
403150
241963
628933
452893
249016
322130
108408
400753
187293
190491
218718
498607
636238
250700
152146
845920
981852
772048
133503
149986
103569
267592
7907
684520
61813
287625
975169
841158
195789
425643
661985
239644
205361
50923
800053
655695
415770
977399
497207
775816
726443
928105
451233
163906
820012
478747
651555
451677
420617
180521
287437
703716
871085
64632
463579
617853
409533
812359
940856
280746
136418
312552
323201
851210
87832
867505
182187
704797
329523
49992
599051
865428
212667
146586
534508
474997
485644
578376
739504
573688
122280
436783
737176
668289
387877
925816
653918
39343
338000
863342
776225
707905
103256
375718
22566
268986
566257
930584
141224
983772
389203
986097
515827
438542
107174
627568
515079
986720
504834
34305
484429
608292
102027
489615
188653
289522
670567
760431
107221
141749
125853
314890
529671
895935
108297
55127
654707
177770
957030
56265
766516
979224
902161
568557
966659
106204
699292
989844
847741
395731
789163
875257
641032
431219
619711
692989
647213
939572
410406
336147
316242
886882
560381
217924
94319
248012
664461
371353
606135
13822
202988
479215
966465
968033
767515
341538
123713
884453
202914
151341
148440
798253
986256
404729
442943
48390
261726
545747
800496
165203
500471
649532
844047
189573
937514
965297
694661
449212
926282
111559
311610
239261
626258
409251
271376
523694
564996
625476
914869
549816
832218
939740
941433
195504
98176
795911
538740
292544
451168
59818
135043
460339
830366
513302
718661
81086
728359
834503
60088
622513
733873
109205
670344
475875
329094
709331
681098
16034
853686
573395
898974
219181
817297
954810
194187
168317
509288
108375
529697
403610
122339
979029
669353
812930
217778
929046
585148
198153
260173
576665
261008
534104
975457
673335
66947
535433
345068
766940
754269
202984
786729
816223
481671
820711
788855
296934
741942
1175
600135
17982
995741
513989
496508
163176
646861
822456
541838
531658
300160
408886
721285
443661
87924
837915
101145
355708
888199
131077
330987
880931
610251
43559
846665
698092
429054
383080
811876
385136
867056
852947
531685
42263
782361
74880
625494
268683
973496
240627
226432
304610
149037
818162
470880
183242
427227
984498
534989
645965
48230
803038
389565
616403
234555
101962
459325
580997
988192
968557
977103
739196
193635
709486
291638
309816
266820
238855
726863
122632
290686
51798
771578
261071
806899
501162
356479
696623
490654
329412
43533
177370
159092
568287
281045
356096
375887
593844
578494
154562
226875
376178
904541
784257
880487
38517
215172
751573
614028
507126
674424
697687
41624
412523
900999
24168
209916
512350
277990
809699
51507
87118
120259
609699
64438
530116
914161
653872
398288
499552
320765
636801
905057
335320
407796
554170
420377
604802
407870
725474
254866
122998
40039
410220
294617
763558
694913
871807
904084
546800
615654
681191
403755
817146
889761
967063
728731
603047
176348
965440
175521
793456
176375
962925
452887
658297
801809
638680
658120
107182
445597
209277
448807
108719
123814
341592
470063
106640
793451
633902
29937
801943
240729
245010
784783
568667
903534
851235
691182
277444
747401
588491
309891
960416
522359
342057
222267
892386
407833
437113
478456
829630
188208
362511
17011
877014
904699
928642
734095
815689
765913
186080
445738
807064
292015
953544
67962
386018
556663
922576
805285
173298
273719
735214
728568
144272
894864
922928
15527
278747
974062
911416
814914
547000
453109
754775
53186
928888
122540
108507
713574
709033
962429
450638
270607
239776
441269
29935
949783
569469
782093
543819
356662
550029
591489
883365
926992
6092
348145
583938
878938
683230
921450
417874
346488
840389
647761
165349
27648
607569
480777
538795
955211
996582
585121
431917
978569
522324
413348
210351
254460
680444
441759
511437
805690
691297
801876
732756
809796
345839
541083
131476
431342
171566
90012
445771
807542
400945
275466
698609
663333
486142
321119
348303
480333
75892
632607
953585
865086
565901
571955
342786
292933
650526
702744
570619
793358
691614
467700
427369
269263
872806
120244
896031
353227
45099
450204
133525
524656
335046
499642
578752
958110
21221
288974
190187
315713
295558
281226
613596
21006
275659
153215
623840
648144
644740
296624
6862
547880
118584
482417
415896
65417
948120
187545
654629
41579
34040
29912
450211
952400
425570
771052
580313
734355
875957
317395
972468
410420
173338
229429
671496
833967
673273
146442
308846
533227
20933
892384
339890
243236
84770
635474
70367
537306
318799
634549
342769
91336
161384
912733
3559
535355
297517
78740
667849
205649
743099
204510
512899
847252
405747
7406
789215
177858
133245
468544
617417
112064
595037
738269
733725
615848
423569
556722
963960
214880
48953
275994
544495
355269
523397
806803
624203
813173
715970
995964
116873
546371
682843
427444
154184
928425
241294
334492
903317
903139
27775
911815
57835
153943
568364
312341
99370
28768
871799
593805
947175
696916
449011
122283
459706
701355
678311
